[gd_scene load_steps=10 format=3 uid="uid://tn4sgoqfsye"]

[ext_resource type="PackedScene" uid="uid://37eowkixb3my" path="res://scenes/bus.tscn" id="1_lbhrr"]
[ext_resource type="Texture2D" uid="uid://caa00mf4vsrs5" path="res://assets/textures/wood_chips_plate-color.png" id="2_yqjtg"]
[ext_resource type="Script" uid="uid://dw5a3rm7himnv" path="res://scripts/camera_pivot.gd" id="3_lnu2h"]
[ext_resource type="PackedScene" path="res://scenes/wall.tscn" id="5_iywne"]
[ext_resource type="PackedScene" uid="uid://mkx0lg058avs" path="res://scenes/ramp_1.tscn" id="6_p57ef"]
[ext_resource type="PackedScene" uid="uid://dmpn3mg06ldfi" path="res://scenes/pedestrian.tscn" id="7_u5sy4"]

[sub_resource type="BoxMesh" id="BoxMesh_uwrxv"]

[sub_resource type="StandardMaterial3D" id="StandardMaterial3D_lnu2h"]
albedo_texture = ExtResource("2_yqjtg")

[sub_resource type="BoxShape3D" id="BoxShape3D_8cj0n"]

[node name="game" type="Node3D"]

[node name="objects" type="Node3D" parent="."]

[node name="bus" parent="objects" instance=ExtResource("1_lbhrr")]
transform = Transform3D(-1, 0, -1.50996e-07, 0, 1, 0, 1.50996e-07, 0, -1, 0, 0.5, 0)

[node name="Floor" type="StaticBody3D" parent="objects"]

[node name="floor" type="MeshInstance3D" parent="objects/Floor"]
transform = Transform3D(120, 0, 0, 0, 120, 0, 0, 0, 120, 0, -60, 0)
mesh = SubResource("BoxMesh_uwrxv")
skeleton = NodePath("../..")
surface_material_override/0 = SubResource("StandardMaterial3D_lnu2h")

[node name="CollisionShape3D" type="CollisionShape3D" parent="objects/Floor"]
transform = Transform3D(120, 0, 0, 0, 120, 0, 0, 0, 120, 0, -60, 0)
shape = SubResource("BoxShape3D_8cj0n")

[node name="camera_pivot" type="Node3D" parent="objects" node_paths=PackedStringArray("target_node")]
transform = Transform3D(1, 0, 0, 0, 1, 0, 0, 0, 1, 0, 9.52783, 0)
script = ExtResource("3_lnu2h")
target_node = NodePath("../bus")

[node name="SpringArm3D" type="SpringArm3D" parent="objects/camera_pivot"]
transform = Transform3D(1, 0, 0, 0, 0.34202, 0.939693, 0, -0.939693, 0.34202, 0, 0.5, 0)
spring_length = 12.0
margin = 0.05

[node name="player_camera" type="Camera3D" parent="objects/camera_pivot/SpringArm3D"]
transform = Transform3D(1, 0, 0, 0, 1, 0, 0, 0, 1, 0, 0.314568, 5.26902)

[node name="pedestrian" parent="objects" instance=ExtResource("7_u5sy4")]
transform = Transform3D(1, 0, 0, 0, 1, 0, 0, 0, 1, 33.0023, 0.5, -35.8726)

[node name="pedestrian2" parent="objects" instance=ExtResource("7_u5sy4")]
transform = Transform3D(1, 0, 0, 0, 1, 0, 0, 0, 1, -29.5144, 0.5, 8.98774)

[node name="Wall" parent="objects" instance=ExtResource("5_iywne")]
transform = Transform3D(1, 0, 0, 0, 1, 0, 0, 0, 1, -60, 1, 0)

[node name="Wall2" parent="objects" instance=ExtResource("5_iywne")]
transform = Transform3D(1, 0, 0, 0, 1, 0, 0, 0, 1, 60, 1, 0)

[node name="Wall3" parent="objects" instance=ExtResource("5_iywne")]
transform = Transform3D(-4.37114e-08, 0, 1, 0, 1, 0, -1, 0, -4.37114e-08, 0, 1, -60)

[node name="Wall4" parent="objects" instance=ExtResource("5_iywne")]
transform = Transform3D(-4.37114e-08, 0, 1, 0, 1, 0, -1, 0, -4.37114e-08, 0, 1, 60)

[node name="DirectionalLight3D" type="DirectionalLight3D" parent="."]
transform = Transform3D(0.8788, -0.351218, 0.323041, -0.156735, 0.42696, 0.890584, -0.450715, -0.833277, 0.320164, 0, 8.62645, 8.63623)
shadow_enabled = true

[node name="Ramp1" parent="." instance=ExtResource("6_p57ef")]
transform = Transform3D(0.0282117, 0.00183709, 0.9996, -0.00409588, 0.99999, -0.0017222, -0.999593, -0.0040457, 0.0282189, -0.000437705, -0.238258, -1.05612)
